SITE: 0 0.0211327795 01000001100001000000
SITE: 1 0.0295095077 00000110000100100000
SITE: 2 0.062455243 00000000000000000100
SITE: 3 0.0799273748 00010000000000001000
SITE: 4 0.132289352 01000000000000000000
SITE: 5 0.148680169 00010000000000001000
SITE: 6 0.161504382 00000000000100100000
SITE: 7 0.168793109 00000000000000000100
SITE: 8 0.170048083 00000000000000000001
SITE: 9 0.181560027 00100000000000010010
SITE: 10 0.184034089 01000110000100100000
SITE: 11 0.192585247 00000000010000000000
SITE: 12 0.205418734 00000000000010000000
SITE: 13 0.220581944 01000110000100100000
SITE: 14 0.253053031 00010000000000001000
SITE: 15 0.264141154 10101001111011010110
SITE: 16 0.273435117 01000110000100100000
SITE: 17 0.274288689 00010000000000001001
SITE: 18 0.28450195 01000110000100100000
SITE: 19 0.298447093 00100000000000010010
SITE: 20 0.32604925 01000110000100100000
SITE: 21 0.340962762 01000000000000000000
SITE: 22 0.343540669 10101001111011010111
SITE: 23 0.356876048 00010000000000001000
SITE: 24 0.359379036 00010000000000001000
SITE: 25 0.390921541 01000110000100100000
SITE: 26 0.399618121 00000000000000000001
SITE: 27 0.404131672 01000110000100100000
SITE: 28 0.40731612 01000110000100100000
SITE: 29 0.40741473 00000000000000000100
SITE: 30 0.422525153 10101001111011010111
SITE: 31 0.426156706 00001000000000000000
SITE: 32 0.444584742 10111001111111011111
SITE: 33 0.44947426 01000110000000100000
SITE: 34 0.456932382 00000000000000010000
SITE: 35 0.467843804 01000110000000100000
SITE: 36 0.478046787 01000110000000100000
SITE: 37 0.48390996 01000110000000100000
SITE: 38 0.508020356 00010000000000001001
SITE: 39 0.534372185 00000000000000000100
SITE: 40 0.550766509 01000110000000100000
SITE: 41 0.56747172 10111011111111011111
SITE: 42 0.609829342 00000000000000000100
SITE: 43 0.620311255 00000000000000100000
SITE: 44 0.636660291 00000000000000100000
SITE: 45 0.649247971 00000000000000100000
SITE: 46 0.654403123 00000000000000000100
SITE: 47 0.663353045 11111111111111011111
SITE: 48 0.667748698 01001100000000000000
SITE: 49 0.667999582 00000000000000100000
SITE: 50 0.682213353 00000000000000100000
SITE: 51 0.697065358 10010011101111001100
SITE: 52 0.713862247 00000000000100000000
SITE: 53 0.738956189 10010011101101001100
SITE: 54 0.764557869 10010011101101001100
SITE: 55 0.776467299 10010011101101001100
SITE: 56 0.799496762 00000000010000100000
SITE: 57 0.813957343 00000000100000000000
SITE: 58 0.815088873 00000001100000000000
SITE: 59 0.81888105 00000000000000000100
SITE: 60 0.835171046 00010011111101101000
SITE: 61 0.842092232 11101100000010010111
SITE: 62 0.842315378 00010000000000001000
SITE: 63 0.857240129 00110011111101101000
SITE: 64 0.859730677 00000000000000000100
SITE: 65 0.887408513 00000000010000000000
SITE: 66 0.926544214 00000000000100000000
SITE: 67 0.928119213 01001100000000000000
SITE: 68 0.939390848 00000000100000000000
SITE: 69 0.951987736 00001100000000000000
SITE: 70 0.954390799 01001100000010010011
SITE: 71 0.967588867 00000001100000000000
SITE: 72 0.986531426 10110010011001101000
